0.02414989195734124
0.030451959751788542
0.027242207791138937
0.056340948518070186
0.028322064610522526
0.026438433408624878
0.02181838534505109
0.020555024093067045
0.02935858406233826
0.03471850980663701
0.03487145191742009
0.12195206530088695
0.2507137491676325
0.04137696494673031
0.07085350291318769
0.0768221671012985
0.04092314332468335
0.07858170859763038
0.03410893036683335
0.03587687396475277
0.049597236786445384
0.0467846188861378
0.06134584484655143
0.06440441093053673
0.04594245052801233
0.041421613640293634
0.04177684687512288
0.05487726263431031
0.03165551060256759
0.02772199605638578
0.21573807900703784
0.044551547607386485
0.0635944386888098
0.15449704465269493
0.08206166432186532
0.06965372612898507
0.08020873821124366
0.071802417297073
0.07723956218372473
0.08048388306342039
0.024677605997693607
0.5091048984860487
0.056209482312942795
0.05149145063609026
0.04600015913766372
0.05050739915048557
0.045564407745627956
0.04422653236584934
0.039470526664616104
0.056481903497561596
0.054600827250736506
0.05102946164279664
0.05717213672674226
0.06935893309307288
0.06704512153563422
0.03388238018208576
0.03686769915987369
0.03969562407011725
0.03939365322789522
0.39016558472955953
0.15473741791394893
0.3350575111189013
0.3078814503543618
0.08778658024255953
0.0902249025477543
0.08231046756507397
0.08935068751747523
0.08770136070139326
0.07524887513668356
0.07969683050742733
0.07212899117141035
0.06579214266906477
0.06652547148640041
0.06700803996352966
0.06180380239188919
0.11813292497546363
0.08612148862456402
0.0893801363518116
0.07984408349934731
0.04947325384038475
0.05290714362436353
0.04787945004382337
0.04223141237232309
0.04377634095586304
0.042183292822959045
0.04003185633881587
0.0396786315416522
0.041349269763669004
0.03930170292630105
0.043918944109712255
0.04803645993899688
0.04119394069348526
0.04132236137194046
0.04331446319591063
0.043787213096506246
0.087714871148801
0.06773505745440568
0.3223692269958203
0.03090082350335782
0.03301415096322407
0.551093074209147
0.05312043032792525
0.5494797182620043
0.0328189664247596
0.03261452739484354
0.038330088771086186
0.037703619668298605
0.03756579260269726
0.028775314718889267
0.029542967834021317
