0.019179805766175617
0.06667797649581544
0.06274790285431728
0.0711506868982905
0.06640820848182659
0.060616474059024525
0.06946754725858069
0.05758645959733296
0.061369926391102135
0.05662619064042823
0.06994923169138599
0.03598396631625096
0.05646609955308654
0.053114117900521764
0.047390816273335884
0.055473773198235155
0.08119890328492804
0.07908196078025519
0.05344539954224725
0.05739235920697764
0.0650741333129957
0.05774129014371966
0.05839049139931889
0.06058811423023788
0.05661518094548906
0.06241896812764218
0.0607484746802909
0.04224298356707567
0.0418253722832703
0.04190634592146464
0.05728487774937573
0.06459345735625346
0.04898492493881517
0.04469888082378612
0.04535176129986036
0.0564701202243822
0.04314641915412166
0.04112060423966572
0.05975223578318143
0.039952213864169125
0.04020784960884273
0.045120835122056314
0.08097653573749902
0.042061440284456804
0.04504345168806721
0.050218468652618024
0.035135177446897294
0.04395552170473714
0.044331793477160576
0.0392895849752865
0.0609306437605789
0.041651003957529444
0.035165588320058117
0.032372682267215167
0.04029754452137473
0.0157961227664154
0.016057386972067173
0.01700853128993072
0.010789556961999163
0.014535312498036702
0.016615779619679406
0.015174707461859602
0.02322012262913002
0.024119761409249877
0.017277465861363087
0.01667632159479751
0.016586744724321294
0.023936315878853615
0.02036553864525199
0.014217659804367885
0.014193984656633234
0.017839681780670486
0.019929609974967764
0.025442038121579517
0.021421639880836743
0.015842886670892713
0.01977781074501644
0.016620007398096187
0.01500250314760798
0.014953805741390965
0.018340964627880242
0.016515898069217085
0.019540844113484588
0.023918866934038586
0.02331132067985313
0.02494484817828589
0.02143735698437833
0.016778669172650838
0.021354681799011687
0.021526846554081384
0.02162815483262258
0.024064874190791858
0.13803397861712138
0.11462214699292164
0.07921728200057729
0.08595406084152415
0.11665411695101172
0.11544181431128091
0.06972789382921778
0.07111418911794787
0.06529745175019201
0.08339132134520201
0.04616716249328455
0.045488457012928314
0.053056841921293674
0.045680515498476994
0.0460620184512574
0.04863954197299329
0.055047310896248196
0.06052737605499141
0.04728811840812045
0.05570691750212348
0.06958890962559192
0.06095766159377063
0.05329426225307777
0.045039756041558715
0.06184237496223519
0.06370627031649771
0.0667188899729326
0.07572873163584959
0.055252857474994754
0.05095483045509429
0.04336720404634243
0.02916247905233887
0.02874850834389332
0.03392018132968377
0.031141950599478555
0.027899174010487693
0.03094045332140543
0.041139059024009855
0.049227445155685334
0.03457040814836809
0.03786110279724331
0.040938192537192546
0.06479955134681045
0.06572229337872748
0.06940648945382415
0.041712728472482
0.07059202086686747
0.10388381054844609
0.07725849729681039
0.05047880328343678
0.060580270239308
0.022562000974794286
0.01624641483793001
0.025667440617992063
0.020500342111910274
0.025001644756185805
0.017051516599395987
0.019353025612124646
0.02786047096706841
0.02612512385047223
0.029771873882332565
0.060748221497609535
0.07874808348445685
0.045596696448171804
0.02226450826730254
0.025025979638625524
0.0254488693092491
0.03184516985125348
0.024716399719842658
0.03032783702912634
0.031189136253199277
0.04928787854877835
0.04361792766253432
0.03777808326440522
0.03505459637160947
0.04217857820378095
0.0320447821950684
0.03549709376607453
0.04879907107841391
0.03068916550995792
0.030113291925275676
0.017630416188169837
0.025145772801328403
0.04258141610807159
0.08894357297186965
0.06803386121891496
0.07429452798827549
0.08021811011055882
0.04010534173531385
0.06157408169554243
0.044842940348440795
0.030975298963665878
0.03241249479975067
0.04259684887844611
0.016449078837222474
0.03762378004320897
0.037633406980964366
0.04252756027368581
0.06039843032306305
0.05905510001779967
0.02054356361588207
0.02456248552304217
0.03140426416218903
0.10894528151145845
0.02705529713411649
0.024212757233833093
0.022407234424386493
0.047337697621691516
0.024998900410364674
0.036118795873031316
0.17243306123748817
0.16801802420404968
0.037373994780065874
0.023651249466230453
0.026430006453392697
0.025346186485489555
0.025302774459513303
0.02593988909440606
0.027848815451402074
0.02786272835199969
0.03397873805677284
0.026863246111611214
0.02401927417744386
0.019731501493780338
0.031374293090907175
0.040270146706429956
0.028802541112298328
0.02427400855539058
0.023731015349978103
0.07101882070715451
0.06437852312690655
0.026844798356331575
0.0688417755724136
0.0322028645131685
0.031959842464584616
0.023451240122945492
0.03956924813426926
0.040343930825521575
0.04091203575659943
0.02688245614120379
0.02260333558016113
0.02695731838596792
0.033072110595881554
0.021826702908970846
0.05617980963180419
0.048411499801218796
0.05576577421161063
0.051198568082793806
0.05420682004801578
0.04460718192758913
0.03807487644098408
0.047953209753444435
0.06905887043703846
0.022586037806527348
0.02071916658145741
0.02330807914080828
0.023719487567143385
0.017735034472539782
0.02404658129389892
0.02098571947915283
0.021296630873718084
0.052162864215464316
0.02889907738591219
0.023518274741020046
0.024079372472099257
0.030687370272635125
0.0294828901116201
0.037331170721558025
0.09425056373948076
0.021325260699008048
0.027939437556484828
0.01868333354071139
0.024856725105431767
0.02183357414538001
0.024515417694901044
