0.5499866119706909
0.06296522671662301
0.044084423208976264
0.07618544555925391
0.5442466662903948
0.06048334725218899
0.10259819142276118
0.1024338774192196
0.3100770297713806
0.30963192851120125
0.31848951039673695
0.17814315479452575
0.10907320815859078
0.2807808088834813
0.06043884036432636
0.0838064251049285
0.08887521916201607
0.10569321083813953
0.292747586512972
0.12460015693257895
0.06784018812095825
0.07284853790083004
0.07930195023821225
0.08502877358607204
0.06141935386110193
0.04575987330638082
0.0482680617173159
0.05304648605468387
0.04731839595140856
0.06699335473878354
0.047547002688176264
0.04773706634965772
0.06800254006911792
0.06267714511920272
0.04520727696252692
0.04674949609479407
0.07473265789125459
0.06010789383191182
0.0480735140406005
0.04503515137444994
0.04760288200020443
0.05588737253496367
0.08622717417158055
0.28617895894227485
0.06941329242558401
0.2660416932539342
0.08816137911692527
0.1389115270990413
0.04189418387283141
0.06920832734048603
0.0479663590838181
0.1962577547130863
0.030643347302188956
0.03100978102202873
0.03396692640132419
0.04121792212639905
0.041069801210370495
